5000
30557
30095
31070
30399
31194
30005
30858
27076
25679
30578
30196
30337
9834
26911
30074
30481
31364
12067
30105
31347
12973
30278
29932
30047
11302
29965
6127
12176
7826
27758
2395
26642
25803
30650
31331
26364
22213
30438
31180
26708
11121
30306
30426
30861
31218
30893
10704
30024
7004
7469
7843
30148
9174
12018
13793
10580
24851
7572
12911
8435
13575
5758
24845
6247
26193
10852
25398
11242
26753
8055
26231
11615
30342
12108
30589
11167
29954
9700
12480
11181
21687
9239
8318
5161
12037
7739
10217
5793
11891
6534
12349
1983
10810
5795
5055
26745
29944
30973
29830
31346
29926
30367
29806
30202
29746
30007
27570
29895
8982
30142
16633
10823
12245
9830
27441
9595
10520
31301
22843
2615
18715
6475
17667
6617
19217
4082
26813
30018
31190
6751
30932
7941
30269
29891
30134
30069
27073
13044
26104
5366
26862
3579
31202
5860
26386
3229
25534
3715
31129
6901
13081
4661
30909
6535
15439
835
30605
1752
26622
8650
25767
6966
26955
1995
26523
9311
25895
9668
25887
6866
25542
6997
24110
4326
26009
9061
23086
11724
21914
9907
31147
11260
21833
19377
15448
7139
12386
5787
13357
12561
24065
5169
26602
14248
26733
8042
25569
10946
30740
11881
30411
9912
21932
10290
29831
8601
30183
6633
15050
7622
14228
6170
9120
6080
7473
6260
13338
3941
10835
12323
17913
22328
9991
21565
30872
29697
26991
29755
31066
11853
26702
19731
27039
26957
30515
18826
30242
31369
30895
4794
30632
27498
29864
20246
30219
21709
11538
16150
10847
23015
9847
16306
4415
25777
8064
16641
4886
17543
14005
26376
29991
26793
9155
30299
27063
26888
30086
27099
26608
30736
30111
30815
30451
30987
22467
30210
30082
26553
9843
30173
14652
10464
8191
10460
831
6342
9546
3244
2656
5634
4928
20273
25997
24878
26809
30374
26761
30246
25424
23383
25563
307
26484
7457
26394
30354
26227
2749
25438
19095
22080
5893
22477
9887
22645
4916
15473
10166
15358
9064
33909
7169
24477
1260
13943
7318
25506
25171
14329
30296
11491
29854
22751
30954
15334
30301
13293
25654
12998
30635
11450
14871
11550
11803
11926
7586
9153
11888
11339
11895
9711
6881
3562
8914
20699
3971
18887
18485
19800
4628
11581
30773
30709
30476
30199
30554
25401
26884
14258
31106
21715
30145
31196
10474
5496
29858
568
30181
1495
29674
19085
10831
20133
28712
20507
4311
4540
7227
4305
3933
19123
20642
18971
5744
30155
25017
26012
26931
25668
26006
25159
27027
26151
24631
26678
30443
11780
30385
8340
30045
3922
9266
8444
30283
2894
8060
5783
10362
7844
8417
9733
9845
11833
13212
3856
2007
20289
175
10749
15153
25192
26823
22742
23869
25342
26775
24661
23747
21994
24019
10857
31009
14963
14905
11248
30530
22664
8452
24459
11572
25754
12032
25748
10840
11267
12208
11365
12482
15088
10364
22771
10112
15104
11438
22624
12841
25550
30282
25701
13124
14914
13855
24913
8176
23129
10352
15170
7476
21798
21071
13222
3894
7783
2401
30459
683
12242
1568
7217
8901
6496
6130
12040
3829
6993
3235
19517
20661
20415
13368
7355
11195
26838
10828
26716
3588
26197
4433
25537
5880
26598
1361
30703
9172
24367
23498
4910
5150
18700
3610
3585
10590
3575
7340
30414
7194
14225
9299
2964
9765
19205
8448
18457
10034
18193
9187
20445
9780
26128
8951
26617
8953
24432
7703
26299
10406
25663
9381
26674
31094
26858
31078
30758
12029
31039
15053
25265
22872
18864
13772
7812
11220
25176
10502
20153
25363
14365
11115
12087
14952
11626
15208
1487
14428
12714
13916
26032
15722
25921
15316
24757
25326
26092
14671
30712
12195
23895
14292
30565
12913
30679
12545
29862
11958
13114
10985
13838
9437
5746
9508
19646
5011
21571
2511
20421
8598
20567
8114
19534
10904
20037
8676
13207
26243
9472
15039
21854
15418
21299
15019
8927
12501
20786
30473
282
12715
19649
7816
5134
7351
18867
12627
1455
8075
17289
2367
18203
32961
35
5017
21307
18365
20279
1095
18071
31119
21185
9875
2878
8188
31311
25180
30819
24373
23721
30781
13451
9749
30386
7237
24248
8337
30523
7722
8778
9975
12053
30152
26323
6984
19489
6763
18987
11230
19507
18359
19763
10175
20521
4925
17313
6776
20791
2574
19911
10130
8972
22186
7242
24917
9994
22473
12101
24538
11756
14789
33665
26159
12591
23782
8497
22627
11093
24947
12847
23663
21197
22364
7982
11560
11425
23526
31343
12317
19479
12302
21291
14691
5172
11599
21573
7354
19657
8802
21223
12188
12607
14068
10223
13755
7699
25744
18507
13163
19007
12523
19258
12637
21317
13182
18267
8306
17209
9741
21599
7947
582
8684
325
8550
18719
13790
21580
3364
17585
7463
18871
14168
20803
21331
18096
1045
20031
943
25430
10594
23752
13456
25791
21048
26016
3841
31307
18569
24753
22587
26038
1598
24163
5774
31339
19735
31087
18469
13712
825
22866
1089
23151
17552
21826
27880
23508
18733
14416
24413
14688
16862
24707
18604
31213
16023
16217
17320
25838
17269
25807
1321
22848
1227
26569
16673
25939
22104
25080
24678
23121
16064
23156
9897
22258
15785
21719
27107
25323
8360
15737
20182
25350
1123
24963
21365
14803
2936
11012
2290
25510
2678
14668
27254
13384
15936
27726
23133
23725
9988
23785
12418
25467
26488
26060
26565
25072
10092
26239
15863
25812
11097
25143
27302
11447
7359
22203
15958
9637
31372
18234
15819
8208
21942
3513
27517
20806
24252
17343
15891
18613
19753
15827
19371
31029
16347
5878
25168
30323
20671
26736
9275
26612
1069
26402
8321
26311
9664
24639
9877
24525
6372
22320
10395
23235
8911
24406
6271
25442
9676
25795
5156
26056
6177
19357
21568
15536
16651
19111
24039
23407
1627
24051
23044
18975
18761
290
18490
23348
2280
25972
7032
25345
25821
25107
14283
15654
14302
26175
15192
25861
14684
25610
22136
25359
9997
14063
30865
22576
25148
7966
22598
15712
24934
23583
12896
24868
12133
13579
30921
5153
30162
5697
11972
18145
23697
380
17435
5457
15782
15849
15931
18453
10345
10126
25818
26076
23986
23866
26511
8661
25695
9482
26366
8673
24255
20777
30795
24670
23907
24794
26022
18347
24517
16597
30787
24924
23538
27123
15294
16295
22734
15811
22453
4316
15174
23254
24399
23386
15589
17563
24959
16421
12026
16106
13025
17275
15697
23873
23418
25198
15442
26474
22884
24621
10753
26425
23413
15677
15349
31161
33848
10729
10009
16638
11815
5845
13013
16814
25225
23220
11004
17202
7970
23472
10265
15842
11587
9385
14718
18479
11018
16647
34457
16926
25498
18601
12926
16562
12450
21053
25835
8697
24955
33788
25463
17067
26156
16157
21841
16690
24440
15832
23226
13151
22748
20795
8905
19139
12248
30938
30992
19267
17808
16591
27955
17052
19033
19153
31721
20438
16841
23773
3542
19543
18035
18327
27130
23560
23481
16090
15998
18997
29042
24011
25561
23340
25585
26219
26043
25185
25449
24423
24008
30960
25573
24032
15881
9745
16095
30571
9955
6850
1306
10015
20652
12486
8796
8578
5369
9030
8437
8231
3267
1369
3360
1620
24658
32801
25330
3731
15580
20163
25729
9672
14947
5284
14440
8474
24153
24689
25613
23633
26170
25704
24320
13500
34316
26050
22520
11812
14968
13342
21857
12658
12732
30454
9530
10243
9525
9881
25118
10897
12816
19627
15976
21199
16627
32921
33916
1365
10912
70
18391
21701
16694
22692
22550
19231
17985
25650
19888
23239
13904
23847
26383
24521
26455
26420
26771
24642
30587
14755
26605
18607
31200
17189
25827
59
10369
18619
8493
24892
11541
29519
6410
14184
9168
25960
23331
23992
24362
15555
22307
15559
23359
15060
20381
8637
18963
15733
22244
26428
564
24694
7492
15613
20129
14424
14023
7603
22631
7962
15195
7964
25205
24427
15401
12862
23265
8454
13386
14344
13925
23675
12654
25243
10617
12678
11245
34205
6748
14982
19631
24601
9624
11368
2256
7645
2763
1379
1980
18247
3709
19402
169
53
1205
19269
20525
27213
17689
28482
19135
4754
19899
15575
6033
26466
5158
26215
5662
26625
10571
26327
8126
26236
12222
26149
10631
26335
13131
26500
11938
24370
18330
22839
15133
24279
27226
22731
17016
26263
27474
15562
16226
24419
15955
20927
23885
25316
16014
13374
15900
15158
23641
15353
23081
14807
16081
13656
16956
12771
16669
23680
571
26251
9044
26349
12685
25711
24307
25726
12887
25955
22687
25722
12777
24574
10909
24699
2417
23052
16055
13668
27251
11536
17427
6092
20553
9270
26034
14548
31293
9159
25164
9513
7065
11133
13399
10771
26493
21455
18227
8588
17939
8329
2889
957
13408
1460
9037
7872
18009
8227
20986
4437
17759
1101
17264
985
19429
21578
13829
2920
19835
2517
3284
21339
21254
18658
17641
3269
79
2652
33805
3018
34358
1992
24872
2898
15504
1635
9171
2527
11125
6667
23946
2785
11109
21008
14713
9016
23294
8784
21877
18219
14453
2410
14827
9415
7723
17577
12432
19885
16087
18343
16058
16685
16076
16322
26559
18727
26316
16047
15369
16434
17701
14160
15328
21059
16116
13779
24545
16453
7926
21065
24937
19261
16447
16463
14176
16549
22441
17042
14527
15952
22789
17440
23835
18621
14036
19783
34433
34099
34467
16362
33867
19022
34249
16962
34294
21989
12930
19385
33423
18418
13297
18764
12422
19419
12060
18783
13530
19041
24464
19643
15364
21362
12820
19537
11720
18793
15253
18539
13200
21610
11394
22150
2646
13289
465
20945
585
19527
2144
19552
1344
4005
3120
16133
23403
5247
3818
4502
21681
7846
3013
19472
5642
16661
4701
15212
3622
10890
7887
10163
18730
6379
6528
18897
302
10778
949
15805
17687
13271
32722
13851
840
27161
16847
1828
15715
6085
17479
14708
16467
14572
19684
24811
7985
11466
19279
23684
17362
24970
24993
15619
19433
14988
18883
24582
18421
16247
2125
8692
729
22896
2642
16664
17832
22335
16191
28508
23800
16912
16269
17534
34028
17659
31518
16259
16262
19779
7686
17131
16426
14593
27126
12668
23658
13281
19117
14205
22376
31741
20455
19815
26279
13437
17620
11024
18900
33799
20335
13953
18523
13561
19159
8377
18159
33612
1245
14188
604
13155
17467
14832
18404
13533
20459
18515
20176
21459
18639
9412
22526
32789
16978
11712
16729
21323
10335
16233
16948
22238
16442
23919
11163
16576
17228
3022
19320
2908
19637
2881
21554
18983
9446
15803
17962
20005
22965
16418
27209
16798
17805
16523
18443
16900
20636
1847
22097
16570
18583
32370
19915
24799
10994
18299
17567
16844
13910
24352
14940
31947
11362
16364
24326
31550
10257
27953
31810
16459
6419
16587
8465
16480
9496
23186
10982
16506
7163
27158
6538
13800
13896
33854
14180
21120
12063
33650
11072
34008
10515
3860
9894
9443
9634
18503
10883
33127
9791
5209
10273
10648
9521
18050
9772
9338
10403
8969
9533
10198
10020
7166
12672
33265
5065
33609
5656
8715
20085
12289
9820
11460
33363
33896
18005
12802
21110
5742
19156
7648
20581
6265
20963
10532
16758
6897
22724
10700
1104
5391
18216
3965
18449
8938
18222
6652
21348
3850
27361
9279
27398
6772
2632
6774
19591
6784
18709
9777
15872
32823
24045
2035
17078
31618
11310
26563
27413
3619
579
11200
12722
14640
16244
9143
8212
11694
16801
8291
17309
12426
24274
11106
16028
9221
18211
34310
16342
32534
16565
1134
16465
13317
16461
14042
22510
13809
16475
14448
16573
33076
16821
11478
17138
7972
15876
19131
8077
10676
26413
33727
13892
8967
25028
5177
14028
3045
13760
8848
9407
6066
1092
6565
8753
9200
2065
7890
1181
4933
16320
9206
18066
33174
17057
4338
5255
11740
10698
9934
14469
20702
33964
863
10262
2664
17454
978
5553
343
12081
32761
6907
9692
10741
4936
9409
33925
10627
724
9166
2413
27164
11379
16790
1270
3131
9825
18353
22241
22907
12531
10144
5652
16214
21148
27394
17442
4554
17225
22254
98
1883
19703
16697
9109
24674
318
15904
9802
16537
31820
843
31817
22782
1128
16942
32630
16328
14402
19255
13618
8010
18979
15859
2561
14141
20339
16918
20295
16468
485
3990
7535
16934
4725
33058
5073
16825
6816
16929
4589
27842
25283
27365
22989
11524
15057
11848
22491
34142
14490
12706
12768
10536
15202
33682
13139
9329
8156
21370
12297
3287
11700
10306
11954
2157
12311
10936
10151
9698
11486
8136
20011
31601
4692
31884
11326
7891
6393
33745
10417
10765
10745
10497
8104
10757
2904
6806
20693
533
20304
3999
2265
8371
4569
9651
4028
4728
4203
6526
6274
31386
4074
4322
6034
1595
9640
18589
14794
27638
7952
24552
7012
16770
13265
14434
27732
18745
14409
18399
30801
18013
31210
17251
9649
353
14148
17060
25059
32897
17991
17000
6302
31472
17574
3303
17871
237
17955
1212
19393
21585
18740
17167
17328
2793
19540
10786
17085
3638
17075
19511
13548
3412
33372
4354
15468
3995
14566
5560
22414
5958
14943
17959
33669
7580
23306
24775
1900
16816
17874
16541
8132
24821
16281
14680
11619
14391
13556
8868
8741
9041
12214
16688
9689
16276
4823
20725
23969
17974
33641
17195
5835
3128
33527
19640
21507
7880
12112
11845
3050
18755
8246
20559
11173
18251
11386
16032
32216
18109
11730
31125
31700
16000
10200
17035
34062
3082
32431
18047
3409
16921
33512
17283
6014
17555
9236
6767
27239
3497
20564
19235
5033
18690
31621
16755
19067
5267
20754
17286
27372
24395
5453
2533
17170
19045
17599
16616
18167
18369
17627
17045
19147
20075
15922
16167
8932
21763
31269
18155
22831
20231
23298
18372
21972
17118
3870
18803
15983
31425
23647
34381
22002
32664
18383
16828
17081
7776
15729
3033
17212
2422
24171
7484
23761
18682
15965
21882
15913
721
23261
32101
27534
20025
15949
16937
14607
18935
34474
16838
17192
19143
16584
886
5142
1010
12995
17835
22609
16601
16868
31490
5985
34498
16406
17217
16412
17988
17279
31445
23247
18205
16806
18875
27175
17947
16834
18127
21898
20471
27219
17827
590
17623
3232
3744
6636
334
7361
1376
13611
24133
17549
4773
7001
3257
7125
17611
5512
20355
18337
29181
7252
22698
31713
17708
17237
15970
3150
29270
20267
23485
1384
17011
21131
16780
27006
27473
27488
15792
34188
15897
9946
18316
16496
202
19297
23637
16492
22230
17254
6083
23019
22301
18851
21227
17451
3516
17206
4106
19455
4114
31429
4705
31396
4120
17772
17867
17373
31402
893
32381
22016
21819
24921
27342
19905
16886
27448
16140
27216
16136
11829
321
16340
211
22271
19927
16335
16527
17069
31232
34389
18543
12093
18024
24815
16623
23320
31564
17157
22065
17505
31252
33556
23492
17387
16004
501
15979
18695
16146
17588
27870
7841
23009
16872
22763
27650
19367
27402
19869
21733
19493
17821
3134
18313
19652
18779
7239
27304
4078
16038
7482
17317
7365
27752
7262
18833
5314
11673
1112
7023
32690
8612
31759
11979
4459
32310
20845
5707
21230
996
20157
20577
15839
34183
16298
7509
27527
989
16559
3162
16011
32849
27353
17103
17151
1799
16518
18646
19933
242
18241
7517
19807
17981
3783
18408
1794
17519
2807
5423
4132
5060
6333
16391
4128
17891
3650
4136
4721
8442
4234
16239
31944
18082
20826
16402
7720
15894
20952
17695
1285
16223
18318
16890
4697
24168
19181
28441
7247
27652
6173
22250
31412
17593
20217
17332
257
17303
19951
23110
624
17177
33202
22087
20841
15909
31928
27357
3300
16250
32160
27190
31839
31546
1409
13186
3983
22934
4104
17025
31718
28430
20301
27344
2720
17736
1338
28325
4056
18790
3914
33345
19795
17780
6356
32030
20194
31900
220
5166
20171
7494
7495
7496
10426
11529
1501
8456
872
19567
611
3277
1516
7037
1909
5935
1394
11885
3193
19844
1660
11256
5298
33231
22798
32468
31909
20349
22052
20814
19699
21979
3524
33759
18927
27167
31925
17019
4229
16858
4712
7652
32545
12238
32475
12462
4616
32484
32332
17840
16655
19921
17676
10328
16711
32453
217
5090
18629
4850
17637
32052
16186
32116
17815
17904
27482
19019
27435
31939
27351
33184
27231
33877
27385
16171
15944
19165
16161
20179
23572
17582
32176
18259
31613
4442
19187
1804
31796
6187
32084
5962
3399
6325
17072
5321
22091
32523
19243
32976
4344
32192
6032
32071
5375
33621
27274
28801
27203
32150
7123
20199
7113
31994
7607
33474
17143
10384
6181
10901
4804
34084
7615
8260
3976
20321
32184
31624
33199
2189
32601
31677
32506
5960
32536
749
32349
17430
1346
3307
20819
2044
19531
5306
20189
32503
20058
32586
27802
2951
27296
2956
17487
32221
27521
32634
19940
32170
3640
5802
20959
32250
3884
2824
10534
19071
3779
32314
31888
32461
21463
32962
1761
5520
3793
32300
17031
32229
4383
3874
7367
32812
4376
32065
7726
3438
3547
32581
32442
20313
3905
19547
1276
19178
32240
21595
19968
32280
31570
32322
4363
27721
20285
3672
3197
3551
21643
4140
7249
5205
3037
32625
7848
32621
6990
5094
17241
32353
19120
32319
17463
32303
16767
32336
315
2305
20967
32617
21219
3067
5899
32505
68
32125
5164
32668
5401
32387
3980
32392
19580
32375
618
2131
20721
4144
20976
5965
21613
32234
32271
32661
32020
32660
5086
32754
2184
32414
20742
32464
2801
32422
32341
5829
4350
7155
3537
7160
7655
33271
32741
7520
32704
7179
32707
32679
32515
32525
32541
32994
32472
32550
32676
6453
7773
32619
4380
6452
32795
32469
32702
32884
32745
6397
32730
8500
32488
6318
32700
3761
32520
6279
32591
9217
5683
27641
32865
27599
32998
29428
32763
9538
32726
31606
32571
17811
6176
16155
32561
17787
27601
16783
33193
17163
6578
21213
32799
20732
32740
31705
32765
31803
32727
31610
32797
31441
6191
31749
4529
4598
19313
33031
6403
32832
27684
32836
27646
32860
27603
32785
21628
32574
7845
32606
7847
31847
8095
5326
7371
32852
4808
32854
4820
32821
32610
32858
32786
32732
32435
32645
5543
32650
20143
32907
6679
33004
4828
32870
32802
32872
6088
32874
83
32876
31833
32825
27605
32687
21024
10512
1691
8249
10077
32886
7061
32888
4486
32890
32635
32892
32409
32878
5703
32750
32554
5955
5822
32926
32901
5575
32903
6036
32905
3384
32842
32717
32909
32107
32894
32670
32003
20547
32988
1655
32917
5550
32984
32481
32938
2820
32923
6073
32925
3507
32772
20737
7730
32868
4453
32932
4564
32934
6029
32936
7605
32972
32706
32939
32714
33298
32057
32856
16554
3145
32947
27520
32949
32530
32951
28932
32953
231
32970
31936
32957
32672
32769
31663
27613
6575
18685
32964
6327
32979
5448
32968
10330
32955
31983
33038
2940
32974
6435
32792
32615
33180
32999
7301
33013
7176
32983
32920
32985
28056
32987
19819
32989
32263
32819
32037
2579
6698
6927
32996
8609
33030
32779
33000
6580
33018
4612
2041
32805
33006
7415
33002
7288
33275
8138
8978
32981
33054
33015
33026
33017
9219
33019
33023
33021
27951
32827
27305
2685
3392
2789
33028
4214
33151
7530
33032
7412
33034
32777
33036
6199
32862
4358
32807
17295
7755
7053
2015
33045
10202
33104
32959
33049
32200
33051
32047
33053
33517
33055
28091
2049
5081
6793
33060
7661
33063
7292
33064
32966
33084
32899
33043
4217
33070
5928
33176
4931
27501
5412
7418
4328
33078
7609
33047
8079
33082
8083
5336
8085
33086
8087
33088
8089
32927
8091
32829
19873
33094
6693
33096
7291
33098
8619
33153
32846
32944
3054
33122
8974
32940
8123
32139
9211
9461
8607
33111
6934
3170
7409
3646
8005
33114
33068
33191
32755
33189
2025
33072
28132
24209
8737
11869
7658
33591
33131
33365
33133
33337
33135
33468
33116
33402
33137
33571
33163
32880
33181
33886
1057
10173
8020
7265
33149
9695
33100
33092
8738
7514
33186
7626
33065
9947
33008
28831
33125
27989
33495
27609
20365
717
4684
33168
29170
33170
6675
33172
27380
33066
8210
33197
2277
33157
8206
32991
6213
32420
3747
3867
32091
17407
8860
7486
33293
2973
33206
7007
33062
2391
33147
6281
32834
8567
32911
7849
32952
8202
32993
8204
8524
7895
7624
33255
7009
33246
5038
7781
23606
33048
21544
33216
1109
33139
32744
33239
3771
33449
2672
33309
17929
12702
17655
33723
27837
33011
27766
9580
28196
33420
27855
33214
27660
33141
27662
33242
27582
33549
10775
33143
31503
33521
23925
33329
3489
10067
5670
33252
6190
33395
8375
33278
6572
33258
32942
33178
27949
33679
28166
33224
29064
33673
27959
12446
27777
11516
27925
33432
28249
33270
28240
33321
4860
33259
20761
33562
33335
33241
1730
33285
20399
33392
2018
33267
18061
6812
5409
7877
8009
28234
28725
8252
27840
27799
2298
33543
27845
27776
2554
34421
33281
33305
7899
33248
3296
33383
28183
17731
12902
33347
27418
4922
28158
33318
7960
33155
8553
8615
8323
8957
8325
32425
8327
27986
7734
27912
19503
28370
18079
28097
8335
27666
5665
27742
33406
27744
33295
27617
7294
27787
33090
27551
33236
27767
33262
3844
33057
33954
8731
19619
33389
20405
17966
12783
28391
22355
28295
30646
27957
10939
28000
33987
28237
7737
33102
9214
8261
9450
34042
8845
32293
33208
4372
8733
33355
10807
10052
23198
33819
10539
8081
8891
33508
10651
33481
34105
33515
28023
33377
28297
33323
28704
32817
28031
33106
28500
33311
27850
6644
27856
10695
29203
33529
8378
11170
18305
8096
143
9453
1939
33080
2118
5293
19605
7511
20009
33436
27731
33454
28329
32771
28301
27810
28396
6694
28460
33414
28137
4576
27747
9093
27514
28052
5579
4110
21181
3263
4619
18463
2327
672
8565
5768
8237
3273
4557
23115
6892
8099
28232
8455
28923
8485
28550
11409
28373
8855
28305
10442
28034
33434
28004
33440
28432
33232
27860
33118
27672
2439
27863
17716
2210
17799
18055
19789
1640
4972
33932
9083
8926
21965
28094
18181
28194
5418
27883
3356
28587
1903
29108
9950
28495
8017
28041
32840
27970
32757
27975
10968
2207
12402
4956
5387
7177
3370
33112
8949
24085
33559
24487
28060
25259
28456
34280
28395
34091
28458
33600
28398
34198
28435
33776
28139
9697
28113
25385
27936
33604
28045
34120
28480
33632
19598
8229
5112
11760
10546
9336
6244
33619
8583
28261
1970
28197
4766
28134
28136
28065
6975
28639
6886
28205
22616
28468
6140
28072
22352
28375
8558
27868
8686
1709
8446
28418
21173
19339
4812
10941
17221
2868
14644
24506
28424
28064
28487
27607
28202
27451
28615
17402
27966
19331
28470
27656
28180
4536
28502
27
2071
24258
3442
24158
2242
20255
7763
21039
33161
18431
5394
11139
28266
9661
28492
20498
28392
18558
28462
18309
28523
28070
28554
28152
28243
33711
28559
416
28081
33742
28384
33834
28223
33729
2324
5356
4982
9123
1741
25134
2649
8440
2712
29278
28548
28304
28607
28308
28521
28109
28755
29517
28585
10247
28242
13640
28442
8421
28534
8655
6705
20770
28252
28419
9601
11145
5778
34271
6011
10064
4296
28262
28577
28365
28698
28181
29208
28245
28814
2605
28950
2359
28173
33688
28561
6506
28251
4739
3558
8200
28625
8563
28685
6999
12690
20149
3599
575
3375
8811
28130
28609
28300
28694
22591
28669
11688
28641
7280
28400
1649
28344
34202
28681
28144
28563
28279
28322
4517
28350
18173
3207
18706
4788
19483
19465
1430
17673
28664
27311
28671
27288
28696
11295
28752
21014
28866
11357
4506
4152
28310
20125
28649
19207
28621
19613
28623
20389
3801
25151
13494
1081
10768
21043
12376
27725
28403
28665
20620
29178
28454
28610
14534
28758
21823
29056
1353
28467
29233
28733
4508
28679
28716
28708
11090
28710
4988
28714
10761
11500
7591
13508
9681
34192
28692
24071
28779
5216
28810
10683
28783
28657
29112
15436
28928
27138
28498
28084
28764
27946
28604
4463
28766
10918
28741
10664
7967
1892
5840
7868
8309
785
6232
28721
3799
28808
8094
29187
28408
5099
1035
689
27736
28760
6406
2140
28411
28735
12762
28737
20647
28824
21191
2251
20427
2843
20939
5647
23032
28058
28359
28834
28174
28836
21398
29183
1684
28838
28627
28922
6491
28871
2629
28818
28589
28848
12916
28850
6017
28852
1744
33765
10069
8544
32915
6930
33375
28860
9838
28723
27507
28864
28659
28756
18945
29237
396
28868
27294
28790
4275
28874
18959
28793
21157
28878
148
28744
21344
5487
14016
23822
17725
28546
28576
28888
28750
28890
28490
28892
28706
28906
13718
28894
19979
28896
13647
28980
28568
28902
4901
6023
13949
5709
13055
4164
12454
28828
12438
4761
6134
28914
28485
28916
6713
28918
28795
28920
28496
29143
6361
28952
6971
28926
4668
28572
4068
28930
1986
28691
7765
28908
607
8368
4679
5755
6308
28557
27808
28942
28102
28944
28008
28946
28582
29939
4526
28948
28348
29099
2595
28886
2093
28982
28772
28904
21617
28506
2009
22869
8014
23501
4584
1999
6642
28812
28646
28970
5623
28972
8885
28974
4396
29220
9096
29135
6569
28900
7419
29008
28444
29393
679
28566
8395
21032
18595
11704
4183
21561
5480
27526
27922
28996
29085
28998
28613
29000
28700
28976
27545
29527
28643
29006
28535
29239
28881
29010
7795
29012
5222
8762
5722
5261
5003
4170
12073
28965
28635
28731
29023
26787
29025
26646
29027
6096
29465
28592
29521
5977
29058
28648
29035
28683
28957
7488
3225
11389
6875
12576
7838
9283
8680
8572
7724
29048
28822
29050
9367
29052
13021
29054
5027
29339
6649
29745
11041
29031
4898
29317
11748
28987
10314
11682
9314
20679
5925
520
20298
19857
27798
26874
29075
27852
29077
27895
29079
28542
29081
28840
29383
2103
29002
8908
4998
12470
29089
33320
5462
33465
468
33485
4308
6689
3735
8591
6540
29087
28806
29102
27997
29104
28673
29106
5405
29414
11590
29141
2492
29264
1550
29114
4985
29116
20017
9466
7148
2095
21087
28599
1485
19221
28781
29335
29127
29308
29129
28667
29131
27695
29133
28730
29212
3464
29189
29039
29399
28962
29168
8993
28770
14370
4293
24060
5632
7853
13068
13804
4748
29152
28995
29154
28653
29156
28816
29158
667
29160
3569
29503
6726
29441
6146
29139
7344
29166
11961
9429
9302
9052
9305
9165
8701
9768
29029
29526
29179
28777
4148
28862
29206
29062
29235
28847
29376
28747
29266
12631
1168
27755
29191
5350
6254
65
4091
6544
21077
2004
17713
20538
13505
29204
29037
29260
28872
29262
9176
29291
9258
29322
8411
29216
9012
29689
9375
29218
10446
6224
6938
1592
17847
13392
20933
5120
1350
1715
28842
17525
29231
28160
3213
27821
29214
26449
29639
29525
423
28898
29268
29091
29137
27927
29175
23103
29248
18123
12646
19251
5983
19893
3219
11494
25419
29256
13873
29258
30264
29341
11826
29424
4386
29426
29456
29314
29044
29162
29096
29328
5594
29274
7098
6600
8548
12865
10285
8183
9523
7199
28362
29100
29283
29768
29285
26941
29412
3446
29289
24185
7182
29193
29293
12160
29295
8262
29297
6521
6953
10659
6037
8826
10028
11371
9921
11520
12202
29464
12797
29310
29324
29312
6351
29547
29123
29633
6719
29318
6106
29320
7131
29607
9911
29226
8723
7714
5568
8194
6548
2507
8253
11532
3567
28911
28884
7902
29337
6843
3453
3485
6385
26583
29241
1446
29210
2710
29347
27270
29060
2587
6216
21997
7728
18822
2860
17923
3594
7778
4160
29334
29083
29362
6587
29364
28675
29287
2355
29368
12168
29370
31335
29378
28415
29224
3807
29349
17971
12746
329
30240
17857
31001
7406
7905
29389
30656
29387
30328
29599
5586
29391
31101
29491
28924
29605
29093
3929
29784
29467
6470
29374
7427
29351
10253
8150
9397
6860
8803
6988
7851
8569
29385
28805
29005
6949
29416
29397
29418
7101
29420
6760
29422
5725
29345
7094
29372
6595
10085
12908
6743
1747
8798
4800
7709
21207
8086
29579
30131
29439
2461
29793
4776
29443
29366
29445
12373
29447
8034
29449
8725
29451
4904
29453
6889
6621
7030
9510
5415
32838
9333
33040
18495
30468
28968
29354
13239
29716
12393
29469
13524
29471
5589
29473
6459
29475
4154
29477
13229
29479
6482
29401
12410
29563
27280
4429
23521
28121
32919
12165
23076
5476
26879
29493
30850
29495
29774
29778
26595
28633
30231
29501
29146
29737
28287
29549
29728
29724
2074
14634
20502
28315
9828
28187
19098
6960
23270
29164
9718
29545
26436
29523
26720
10079
27021
29912
31023
29710
23859
29529
30344
29531
30591
29533
29486
8745
9736
29407
8667
11351
9500
7204
1733
11472
11335
29654
27082
29575
25830
29947
30442
29551
30067
29553
29595
29583
7800
29923
29847
29505
2985
7328
29511
29430
21074
9148
10042
4088
32653
4665
21374
29461
29685
29573
7717
9104
8630
29577
33971
29714
3838
29581
8387
30051
7546
29881
14266
29567
7444
29481
27635
29772
27573
23464
18839
13257
19853
6517
29625
29666
29664
29601
28519
29637
19991
29699
28176
29497
19976
29395
2727
29587
28377
29585
2958
29507
6154
29510
27980
7434
19081
29543
557
7189
3210
29680
28335
29656
31288
29629
26843
29631
30621
29611
28960
30273
26984
29695
27978
8503
29800
29668
12380
29643
7789
29645
1074
9020
935
7613
12542
7968
26019
30012
29617
30292
29662
6836
29658
29670
29603
9007
11533
29555
29635
7452
29852
8271
29591
7110
29751
5381
29701
2884
29514
10031
9247
4330
10725
6285
9761
29766
25427
29683
29739
29919
30255
29687
29613
29660
7830
29935
8643
29705
9130
29759
9493
29649
12952
29561
33757
7551
10933
5660
6821
7559
9583
6898
30043
29910
29681
31064
29712
13861
11893
29272
30228
27911
29780
11798
29694
2236
29691
27024
29726
2375
29641
13544
30015
7729
8145
29589
11236
17791
12281
1607
17978
29971
26640
30336
27538
30696
29609
30766
30706
29794
29557
29822
30691
30003
29620
29776
29972
29732
29836
29782
30009
29672
29816
29989
13974
8998
19745
4523
26358
30812
30502
29743
30097
29824
30160
29975
30727
6822
30001
30946
30397
29559
30234
10880
30258
8622
29753
9478
31304
8169
10207
7106
9242
1739
11794
6168
9342
29860
30662
30237
29798
29826
30366
29898
30364
29499
30676
29814
30100
13881
30510
5501
30538
7116
30102
8562
29749
7499
29900
6503
11205
6609
10611
5919
10358
7869
30032
7956
30584
9049
30582
8282
29876
29770
31060
5867
29804
2994
30369
7478
29808
6166
29828
4770
26832
21410
30037
310
29763
20541
29878
17719
11187
17476
30542
29720
30467
4062
30361
18751
29856
24391
30192
28257
26868
21533
30655
17399
26943
10524
29901
27217
26589
24015
29872
18435
29757
27476
29844
17411
5347
20113
30313
30125
26369
30470
26949
30846
26207
31013
31113
30261
24107
27035
30940
30395
30382
29968
13087
29868
15541
29945
30107
29840
11665
29930
29790
30030
30448
7423
9113
8688
8877
23899
30652
30744
30977
29886
30539
29812
30169
29741
27033
12022
26586
5128
26759
8895
26202
6734
29866
6145
25139
3378
30251
9161
15009
7257
21905
7600
7719
3953
24726
30128
24780
29883
12513
25992
13424
29977
13963
30013
24090
30172
34025
29796
12116
29950
15325
30052
30027
30089
12271
12879
13004
6510
21165
13997
9177
6512
18231
4301
8312
2626
24896
31333
30071
30806
10735
30971
26928
30769
25523
30227
27866
29627
29615
29948
26936
29952
25033
29535
22857
29959
27629
30563
11345
27993
18819
17395
30875
27367
20658
27134
